0 0
+1.000000000000000e-09 0.00000e+00
+9.999999000000001e-03 0.00000e+00
+1.000000000000000e-09 1.20000e+01
+9.999999000000001e-03 1.20000e+01
+1.000000000000000e-09 0.00000e+00
+9.999999000000001e-03 0.00000e+00
+1.000000000000000e-09 1.20000e+01
+9.999999000000001e-03 1.20000e+01
+1.000000000000000e-09 0.00000e+00
+9.999999000000001e-03 0.00000e+00
+1.000000000000000e-09 1.20000e+01
+9.999999000000001e-03 1.20000e+01
+1.000000000000000e-09 0.00000e+00
+9.999999000000001e-03 0.00000e+00
+1.000000000000000e-09 1.20000e+01
+9.999999000000001e-03 1.20000e+01
+1.000000000000000e-09 0.00000e+00
+9.999999000000001e-03 0.00000e+00
+1.000000000000000e-09 1.20000e+01
+9.999999000000001e-03 1.20000e+01
+1.000000000000000e-09 0.00000e+00
+5.737533207374327e-03 0.00000e+00
+1.000000000000000e-09 1.20000e+01
+5.737533207374327e-03 1.20000e+01
+1.000000000000000e-09 0.00000e+00
+3.291928878079056e-03 0.00000e+00
+1.000000000000000e-09 1.20000e+01
+3.291928878079056e-03 1.20000e+01
+1.000000000000000e-09 0.00000e+00
+1.888755028375618e-03 0.00000e+00
+1.000000000000000e-09 1.20000e+01
+1.888755028375618e-03 1.20000e+01
+1.000000000000000e-09 0.00000e+00
+1.083679232218959e-03 0.00000e+00
+1.000000000000000e-09 1.20000e+01
+1.083679232218959e-03 1.20000e+01
+1.000000000000000e-09 0.00000e+00
+6.217642402211632e-04 0.00000e+00
+1.000000000000000e-09 1.20000e+01
+6.217642402211632e-04 1.20000e+01
+1.000000000000000e-09 0.00000e+00
+3.567389334725239e-04 0.00000e+00
+1.000000000000000e-09 1.20000e+01
+3.567389334725239e-04 1.20000e+01
+1.000000000000000e-09 0.00000e+00
+2.046797571435049e-04 0.00000e+00
+1.000000000000000e-09 1.20000e+01
+2.046797571435049e-04 1.20000e+01
+1.000000000000000e-09 0.00000e+00
+1.174352845702136e-04 0.00000e+00
+1.000000000000000e-09 1.20000e+01
+1.174352845702136e-04 1.20000e+01
+1.000000000000000e-09 0.00000e+00
+6.737846999085467e-05 0.00000e+00
+1.000000000000000e-09 1.20000e+01
+6.737846999085467e-05 1.20000e+01
+1.000000000000000e-09 0.00000e+00
